version https://git-lfs.github.com/spec/v1
oid sha256:fe258929c4a2798f4da50a782be0fde544adcbfc56232bed29186611f54444ef
size 6565
